85
88
47
13
54
4
34
6
78
48
69
73
17
63
62
34
92
62
96
89
76
32
10
99
74
59
98
53
37
2
5
54
0
6
63
55
89
20
75
34
15
60
77
37
77
92
20
88
0
57
52
33
76
55
36
45
58
29
4
84
0
51
86
83
98
96
8
14
65
28
59
16
15
58
22
87
92
31
1
97
88
62
41
8
85
69
79
95
59
10
17
26
74
20
53
25
1
1
36
50
85
88
47
13
54
4
34
6
78
48
69
73
17
63
62
34
92
62
96
89
76
32
10
99
74
59
98
53
37
2
5
54
0
6
63
55
89
20
75
34
15
60
77
37
77
92
20
88
0
57
52
33
76
55
36
45
58
29
4
84
0
51
86
83
98
96
8
14
65
28
59
16
15
58
22
87
92
31
1
97
88
62
41
8
85
69
79
95
59
10
17
26
74
20
53
25
1
1
36
50
85
88
47
13
54
4
34
6
78
48
69
73
17
63
62
34
92
62
96
89
76
32
10
99
74
59
98
53
37
2
5
54
0
6
63
55
89
20
75
34
15
60
77
37
77
92
20
88
0
57
52
33
76
55
36
45
58
29
4
84
0
51
86
83
98
96
8
14
65
28
59
16
15
58
22
87
92
31
1
97
88
62
41
8
85
69
79
95
59
10
17
26
74
20
53
25
1
1
36
50
47
85
13
88
54
4
34
78
6
69
48
73
17
63
34
62
32
92
10
62
96
89
37
76
99
2
74
5
0
59
98
53
6
54
63
20
55
89
34
75
60
15
37
77
20
77
0
92
88
33
36
45
29
57
4
0
52
8
76
14
55
28
58
16
15
22
84
31
51
1
41
86
8
83
10
17
98
96
26
20
25
1
1
36
65
59
58
87
92
97
88
62
85
69
79
95
59
74
53
50
47
13
4
34
6
85
88
54
78
48
17
34
32
69
73
63
62
92
62
96
10
37
2
5
0
6
20
34
15
37
20
0
89
76
99
74
59
98
53
54
63
55
89
75
60
77
77
92
88
57
52
76
55
58
84
51
86
83
98
96
65
59
58
87
92
97
88
62
85
69
79
95
59
74
53
50
33
36
45
29
4
0
8
14
28
16
15
22
31
1
41
8
10
17
26
20
25
1
1
36
47
85
13
88
54
4
34
78
69
73
63
62
6
92
48
62
96
89
76
99
74
17
34
59
32
10
37
2
5
0
6
98
53
54
63
55
89
75
60
77
77
92
88
57
52
76
55
20
34
15
37
20
0
58
33
36
84
45
29
51
86
83
98
4
0
96
65
59
8
14
28
16
15
22
31
1
41
8
10
17
26
20
25
1
1
36
58
87
92
97
88
62
85
69
79
95
59
74
53
50
47
85
13
88
4
54
34
78
6
69
48
73
17
63
34
62
32
92
10
62
37
96
2
89
5
0
76
6
99
20
74
34
59
15
98
37
53
20
54
0
63
33
55
36
45
89
29
75
4
60
0
77
8
77
14
92
28
88
16
57
15
52
22
76
31
55
1
58
41
84
8
51
10
86
17
83
26
98
20
96
25
65
1
59
1
58
36
87
92
97
88
62
85
69
79
95
59
74
53
50
47
85
13
4
88
54
78
34
69
6
73
48
63
62
17
34
92
32
62
10
96
37
89
2
76
5
99
0
74
6
59
20
98
34
15
53
54
37
63
20
55
0
89
33
75
36
60
45
77
29
77
4
92
0
88
8
14
57
28
16
52
15
76
22
55
31
58
1
84
41
51
8
86
10
83
17
98
26
96
20
65
25
59
1
58
1
87
36
92
97
88
62
85
69
79
95
59
74
53
50
85
47
88
13
54
4
78
34
69
6
73
48
63
17
62
34
92
32
62
10
96
37
89
2
76
5
99
0
74
6
59
20
98
34
53
15
54
37
63
20
55
0
89
33
75
36
60
45
77
29
77
4
92
0
88
8
57
14
52
28
76
16
55
15
58
22
84
31
51
1
86
41
83
8
98
10
96
17
65
26
59
20
58
25
87
1
92
1
97
36
88
62
85
69
79
95
59
74
53
50
85
47
88
13
54
4
78
34
69
6
48
73
17
63
34
62
32
92
10
62
37
96
2
89
5
76
0
99
6
74
20
59
34
98
15
53
37
54
20
63
0
55
33
89
36
75
45
60
29
77
4
77
0
92
8
88
14
57
28
52
16
76
15
55
22
58
31
84
1
51
41
86
8
83
10
98
17
96
26
65
20
59
25
58
1
87
1
92
36
97
88
62
85
69
79
95
59
74
53
50
47
85
13
88
4
54
34
78
6
69
48
73
17
63
34
62
32
92
10
62
37
96
2
89
5
76
0
99
6
74
20
59
34
98
15
53
37
54
20
63
0
55
33
89
36
75
45
60
29
77
4
77
0
92
8
88
14
57
28
52
16
76
15
55
22
58
84
31
51
1
86
41
83
8
98
10
17
96
65
59
58
87
26
20
25
1
1
92
97
88
62
85
69
79
95
59
36
74
53
50
85
47
88
13
54
4
78
34
69
6
73
48
63
17
62
34
92
62
32
96
10
89
37
76
2
99
5
74
0
59
6
98
20
53
34
54
15
63
37
55
20
89
0
75
33
60
36
77
45
77
29
92
4
88
0
57
8
52
14
76
28
55
16
58
15
84
22
51
31
1
86
41
83
8
98
10
96
17
65
26
59
20
25
58
1
87
1
92
36
97
88
62
85
69
79
95
59
74
53
50
85
47
88
13
54
4
78
34
69
6
73
48
63
17
62
34
92
32
62
10
37
96
2
89
5
76
0
99
74
6
59
20
98
34
53
15
54
37
63
20
55
0
89
33
75
36
60
45
77
29
77
92
4
88
0
57
8
52
14
76
55
58
28
84
16
51
15
22
86
31
83
1
41
98
8
96
10
65
17
59
26
58
20
87
25
92
1
97
1
36
88
62
85
69
79
95
59
74
53
50
47
85
13
88
4
54
34
78
6
69
48
73
17
63
34
62
32
92
10
62
37
96
2
89
5
76
0
99
6
74
59
20
98
34
53
15
54
37
63
20
55
0
89
33
75
36
60
45
77
29
77
4
92
0
88
8
57
14
52
28
16
76
15
55
22
58
84
31
51
1
86
41
83
98
8
10
96
17
65
26
59
20
58
25
87
1
92
1
97
36
88
62
85
69
79
95
59
74
53
50
85
47
88
54
13
78
4
69
34
73
6
63
48
62
17
92
34
62
32
96
10
89
37
76
2
99
5
74
0
59
6
98
20
53
34
54
15
63
37
55
20
89
0
75
33
60
36
77
45
77
29
92
4
88
0
57
8
52
14
76
28
55
16
58
15
84
22
51
31
86
1
83
41
98
8
96
10
65
17
59
26
58
20
87
25
92
1
97
1
88
36
62
85
69
79
95
59
74
53
50
85
47
88
13
54
4
78
34
69
6
73
48
63
17
62
34
92
62
32
10
37
2
96
5
89
76
0
99
6
74
59
20
98
34
53
15
54
37
20
63
0
55
33
89
36
75
45
60
29
77
4
77
0
92
88
57
8
52
76
14
28
55
16
58
15
84
22
51
86
83
98
96
65
59
58
87
92
31
97
88
62
1
85
41
69
8
79
95
59
10
74
53
50
17
26
20
25
1
1
36
47
85
13
88
4
54
34
78
6
69
48
73
17
63
34
62
32
92
10
62
37
96
2
5
89
0
76
6
99
20
34
15
74
37
59
20
98
0
53
54
33
63
36
55
45
29
4
0
89
8
75
14
60
28
77
16
77
15
92
22
88
57
31
52
1
76
41
55
8
58
10
84
17
51
26
20
86
25
83
1
98
1
96
36
65
59
58
87
92
97
88
62
85
69
79
95
59
74
53
50
85
47
88
13
54
4
78
69
34
73
6
63
48
62
17
92
34
62
32
96
10
89
37
76
2
99
5
74
0
59
6
98
20
53
34
54
15
63
37
55
20
89
0
75
33
60
36
77
77
45
92
29
88
4
57
0
52
8
76
14
55
28
58
16
15
22
31
1
41
8
10
17
26
20
84
51
86
83
98
96
65
59
25
1
58
87
1
92
36
97
88
62
85
69
79
95
59
74
53
50
